[gd_scene load_steps=9 format=3 uid="uid://gqkdkyfar0nj"]

[ext_resource type="PackedScene" uid="uid://bqrem1yq8jafm" path="res://Player/Player.tscn" id="1_tp3tb"]
[ext_resource type="Script" path="res://GameRoot/GameRoot.cs" id="1_x4odi"]
[ext_resource type="PackedScene" uid="uid://beepgbryoiiic" path="res://Scenes/ControlRoom.tscn" id="3_7fc4i"]
[ext_resource type="Script" path="res://GameRoot/MeltdownProgress.cs" id="5_wdboo"]
[ext_resource type="PackedScene" uid="uid://ct3de2np8y4ql" path="res://CountdownMonitor/CountdownMonitor.tscn" id="6_km1ce"]
[ext_resource type="PackedScene" uid="uid://ccfora3y5pnfb" path="res://Debug/DebugCanvas.tscn" id="7_eg5tq"]
[ext_resource type="PackedScene" uid="uid://b7q7u1a8mmjsk" path="res://FunStuff/ConfettiPoint.tscn" id="8_s3ajc"]
[ext_resource type="PackedScene" uid="uid://epuri8hjaywa" path="res://Manual/InstructionManual.tscn" id="9_dfh82"]

[node name="GameRoot" type="Node" node_paths=PackedStringArray("_meltdownProgress")]
script = ExtResource("1_x4odi")
_meltdownProgress = NodePath("MeltdownProgress")

[node name="DirectionalLight3D" type="DirectionalLight3D" parent="."]
transform = Transform3D(-0.866023, -0.433016, 0.250001, 0, 0.499998, 0.866027, -0.500003, 0.749999, -0.43301, 0, 0, 0)
visible = false
shadow_enabled = true

[node name="WorldEnvironment" type="WorldEnvironment" parent="."]

[node name="PlayerCharacter" parent="." instance=ExtResource("1_tp3tb")]
transform = Transform3D(-0.854769, 0, -0.281728, 0, 0.9, 0, 0.281728, 0, -0.854769, 0, 0, 0)
_speed = 3.0

[node name="ControlRoom" parent="." instance=ExtResource("3_7fc4i")]

[node name="MeltdownProgress" type="Node" parent="." node_paths=PackedStringArray("countdownMonitor")]
script = ExtResource("5_wdboo")
countdownMonitor = NodePath("../CountdownMonitor")
_buttonTagList = Array[String](["purple_test"])

[node name="CountdownMonitor" parent="." instance=ExtResource("6_km1ce")]
transform = Transform3D(-0.707106, -0.183013, -0.683013, 0, 0.965926, -0.258819, 0.707106, -0.183013, -0.683013, 2.81, 2.8, 2.8)

[node name="CanvasLayer" parent="." instance=ExtResource("7_eg5tq")]

[node name="ConfettiPoint" parent="." instance=ExtResource("8_s3ajc")]
transform = Transform3D(1, 0, 0, 0, 0.871668, 0.490098, 0, -0.490098, 0.871668, 0, 1.08021, 3.55208)

[node name="Node3D_manual_root" parent="." instance=ExtResource("9_dfh82")]
transform = Transform3D(-0.250702, 0, 0.164768, 0, 0.3, 0, -0.164768, 0, -0.250702, -2.54454, 1.18454, 2.45166)
