[gd_scene load_steps=7 format=3 uid="uid://gqkdkyfar0nj"]

[ext_resource type="PackedScene" uid="uid://bqrem1yq8jafm" path="res://Player/Player.tscn" id="1_tp3tb"]
[ext_resource type="Script" path="res://GameRoot/GameRoot.cs" id="1_x4odi"]
[ext_resource type="PackedScene" uid="uid://beepgbryoiiic" path="res://Scenes/ControlRoom.tscn" id="3_7fc4i"]
[ext_resource type="PackedScene" uid="uid://dfa5j75ium1ff" path="res://Buttons/button.tscn" id="4_sa6hs"]
[ext_resource type="Script" path="res://GameRoot/MeltdownProgress.cs" id="5_wdboo"]
[ext_resource type="PackedScene" uid="uid://ct3de2np8y4ql" path="res://CountdownMonitor/CountdownMonitor.tscn" id="6_km1ce"]

[node name="GameRoot" type="Node" node_paths=PackedStringArray("_meltdownProgress")]
script = ExtResource("1_x4odi")
_meltdownProgress = NodePath("MeltdownProgress")

[node name="DirectionalLight3D" type="DirectionalLight3D" parent="."]
transform = Transform3D(-0.866023, -0.433016, 0.250001, 0, 0.499998, 0.866027, -0.500003, 0.749999, -0.43301, 0, 0, 0)
visible = false
shadow_enabled = true

[node name="WorldEnvironment" type="WorldEnvironment" parent="."]

[node name="PlayerCharacter" parent="." instance=ExtResource("1_tp3tb")]
transform = Transform3D(-0.949743, 0, -0.313031, 0, 1, 0, 0.313031, 0, -0.949743, 0, 0, 0)
_speed = 3.0

[node name="Camera" parent="PlayerCharacter/Neck" index="0"]
current = true

[node name="Button" parent="." instance=ExtResource("4_sa6hs")]
transform = Transform3D(1, -0.000720782, 0.000634501, 0.000269704, 0.844978, 0.534801, -0.000921617, -0.534801, 0.844978, 1.25323, 0.80134, 2.92603)

[node name="ControlRoom" parent="." instance=ExtResource("3_7fc4i")]

[node name="MeltdownProgress" type="Node" parent="." node_paths=PackedStringArray("countdownMonitor")]
script = ExtResource("5_wdboo")
countdownMonitor = NodePath("../CountdownMonitor")
_buttonTagList = Array[String](["purple_test"])

[node name="CountdownMonitor" parent="." instance=ExtResource("6_km1ce")]
transform = Transform3D(-0.707106, -0.183013, -0.683013, 0, 0.965926, -0.258819, 0.707106, -0.183013, -0.683013, 2.81, 2.8, 2.8)

[editable path="PlayerCharacter"]
